	Z	Initial_Ion	Initial Level	Final_Ion	Final Level	N	L	2S+1	log Density/cm-3	Temperature (eV)	Rate
38187	32	105	1	104	50	12	0	1	2.000000e+00	8.617340e-02	2.598127e-10
38188	32	105	1	104	50	12	0	1	2.000000e+00	1.456342e+01	2.528714e-12
38189	32	105	1	104	50	12	0	1	2.000000e+00	2.905785e+01	1.109175e-12
38190	32	105	1	104	50	12	0	1	2.000000e+00	5.797799e+01	4.133326e-13
38191	32	105	1	104	50	12	0	1	2.000000e+00	1.156813e+02	1.039921e-13
38192	32	105	1	104	50	12	0	1	2.000000e+00	2.308145e+02	7.619033e-14
38193	32	105	1	104	50	12	0	1	2.000000e+00	4.605356e+02	5.583411e-14
38194	32	105	1	104	50	12	0	1	2.000000e+00	6.505240e+02	4.778596e-14
38195	32	105	1	104	50	12	0	1	2.000000e+00	9.188898e+02	4.090724e-14
38196	32	105	1	104	50	12	0	1	2.000000e+00	1.297965e+03	3.501870e-14
38197	32	105	1	104	50	12	0	1	2.000000e+00	1.833425e+03	2.997781e-14
38198	32	105	1	104	50	12	0	1	2.000000e+00	2.589782e+03	2.565664e-14
38199	32	105	1	104	50	12	0	1	2.000000e+00	3.658165e+03	2.196340e-14
38200	32	105	1	104	50	12	0	1	2.000000e+00	5.167297e+03	1.880184e-14
38201	32	105	1	104	50	12	0	1	2.000000e+00	7.298995e+03	1.609164e-14
38202	32	105	1	104	50	12	0	1	2.000000e+00	1.031012e+04	1.377527e-14
38203	32	105	1	104	50	12	0	1	2.000000e+00	1.456342e+04	1.363326e-14
38204	32	105	1	104	50	12	0	1	2.000000e+00	8.617340e+04	6.395870e-15
38205	32	105	1	104	50	12	0	1	1.000000e+01	8.617340e-02	2.598127e-10
38206	32	105	1	104	50	12	0	1	1.000000e+01	1.456342e+01	2.528714e-12
38207	32	105	1	104	50	12	0	1	1.000000e+01	2.905785e+01	1.109175e-12
38208	32	105	1	104	50	12	0	1	1.000000e+01	5.797799e+01	4.133326e-13
38209	32	105	1	104	50	12	0	1	1.000000e+01	1.156813e+02	1.039921e-13
38210	32	105	1	104	50	12	0	1	1.000000e+01	2.308145e+02	7.619033e-14
38211	32	105	1	104	50	12	0	1	1.000000e+01	4.605356e+02	5.583411e-14
38212	32	105	1	104	50	12	0	1	1.000000e+01	6.505240e+02	4.778596e-14
38213	32	105	1	104	50	12	0	1	1.000000e+01	9.188898e+02	4.090724e-14
38214	32	105	1	104	50	12	0	1	1.000000e+01	1.297965e+03	3.501870e-14
38215	32	105	1	104	50	12	0	1	1.000000e+01	1.833425e+03	2.997781e-14
38216	32	105	1	104	50	12	0	1	1.000000e+01	2.589782e+03	2.565664e-14
38217	32	105	1	104	50	12	0	1	1.000000e+01	3.658165e+03	2.196340e-14
38218	32	105	1	104	50	12	0	1	1.000000e+01	5.167297e+03	1.880184e-14
38219	32	105	1	104	50	12	0	1	1.000000e+01	7.298995e+03	1.609164e-14
38220	32	105	1	104	50	12	0	1	1.000000e+01	1.031012e+04	1.377527e-14
38221	32	105	1	104	50	12	0	1	1.000000e+01	1.456342e+04	1.363326e-14
38222	32	105	1	104	50	12	0	1	1.000000e+01	8.617340e+04	6.395870e-15
38223	32	105	1	104	50	12	0	1	1.200000e+01	8.617340e-02	4.390358e-20
38224	32	105	1	104	50	12	0	1	1.200000e+01	1.456342e+01	4.390358e-20
38225	32	105	1	104	50	12	0	1	1.200000e+01	2.905785e+01	4.254019e-20
38226	32	105	1	104	50	12	0	1	1.200000e+01	5.797799e+01	4.164859e-20
38227	32	105	1	104	50	12	0	1	1.200000e+01	1.156813e+02	4.111500e-20
38228	32	105	1	104	50	12	0	1	1.200000e+01	2.308145e+02	4.086011e-20
38229	32	105	1	104	50	12	0	1	1.200000e+01	4.605356e+02	4.085078e-20
38230	32	105	1	104	50	12	0	1	1.200000e+01	6.505240e+02	4.045762e-20
38231	32	105	1	104	50	12	0	1	1.200000e+01	9.188898e+02	4.043897e-20
38232	32	105	1	104	50	12	0	1	1.200000e+01	1.297965e+03	4.374210e-20
38233	32	105	1	104	50	12	0	1	1.200000e+01	1.833425e+03	5.593707e-20
38234	32	105	1	104	50	12	0	1	1.200000e+01	2.589782e+03	3.161556e-20
38235	32	105	1	104	50	12	0	1	1.200000e+01	3.658165e+03	1.786491e-20
38236	32	105	1	104	50	12	0	1	1.200000e+01	5.167297e+03	1.009718e-20
38237	32	105	1	104	50	12	0	1	1.200000e+01	7.298995e+03	5.705582e-21
38238	32	105	1	104	50	12	0	1	1.200000e+01	1.031012e+04	3.224773e-21
38239	32	105	1	104	50	12	0	1	1.200000e+01	1.456342e+04	1.822213e-21
38240	32	105	1	104	50	12	0	1	1.200000e+01	8.617340e+04	9.658274e-23
38241	32	105	1	104	50	12	0	1	1.400000e+01	8.617340e-02	7.580532e-23
38242	32	105	1	104	50	12	0	1	1.400000e+01	1.456342e+01	5.869491e-23
38243	32	105	1	104	50	12	0	1	1.400000e+01	2.905785e+01	4.495724e-23
38244	32	105	1	104	50	12	0	1	1.400000e+01	5.797799e+01	3.404079e-23
38245	32	105	1	104	50	12	0	1	1.400000e+01	1.156813e+02	2.575141e-23
38246	32	105	1	104	50	12	0	1	1.400000e+01	2.308145e+02	2.242847e-23
38247	32	105	1	104	50	12	0	1	1.400000e+01	4.605356e+02	1.943121e-23
38248	32	105	1	104	50	12	0	1	1.400000e+01	6.505240e+02	1.646647e-23
38249	32	105	1	104	50	12	0	1	1.400000e+01	9.188898e+02	1.343692e-23
38250	32	105	1	104	50	12	0	1	1.400000e+01	1.297965e+03	1.251990e-23
38251	32	105	1	104	50	12	0	1	1.400000e+01	1.833425e+03	1.166542e-23
38252	32	105	1	104	50	12	0	1	1.400000e+01	2.589782e+03	1.086925e-23
38253	32	105	1	104	50	12	0	1	1.400000e+01	3.658165e+03	1.012747e-23
38254	32	105	1	104	50	12	0	1	1.400000e+01	5.167297e+03	9.436265e-24
38255	32	105	1	104	50	12	0	1	1.400000e+01	7.298995e+03	8.792238e-24
38256	32	105	1	104	50	12	0	1	1.400000e+01	1.031012e+04	8.192202e-24
38257	32	105	1	104	50	12	0	1	1.400000e+01	1.456342e+04	7.633083e-24
38258	32	105	1	104	50	12	0	1	1.400000e+01	8.617340e+04	5.305190e-24
38259	32	105	1	104	50	12	0	1	1.600000e+01	8.617340e-02	6.431319e-24
38260	32	105	1	104	50	12	0	1	1.600000e+01	1.456342e+01	6.897621e-24
38261	32	105	1	104	50	12	0	1	1.600000e+01	2.905785e+01	6.859617e-24
38262	32	105	1	104	50	12	0	1	1.600000e+01	5.797799e+01	6.419495e-24
38263	32	105	1	104	50	12	0	1	1.600000e+01	1.156813e+02	5.693767e-24
38264	32	105	1	104	50	12	0	1	1.600000e+01	2.308145e+02	4.710853e-24
38265	32	105	1	104	50	12	0	1	1.600000e+01	4.605356e+02	3.877029e-24
38266	32	105	1	104	50	12	0	1	1.600000e+01	6.505240e+02	2.364832e-24
38267	32	105	1	104	50	12	0	1	1.600000e+01	9.188898e+02	1.442782e-24
38268	32	105	1	104	50	12	0	1	1.600000e+01	1.297965e+03	8.800350e-25
38269	32	105	1	104	50	12	0	1	1.600000e+01	1.833425e+03	5.367836e-25
38270	32	105	1	104	50	12	0	1	1.600000e+01	2.589782e+03	3.274164e-25
38271	32	105	1	104	50	12	0	1	1.600000e+01	3.658165e+03	1.997565e-25
38272	32	105	1	104	50	12	0	1	1.600000e+01	5.167297e+03	1.218429e-25
38273	32	105	1	104	50	12	0	1	1.600000e+01	7.298995e+03	7.431893e-26
38274	32	105	1	104	50	12	0	1	1.600000e+01	1.031012e+04	4.534192e-26
38275	32	105	1	104	50	12	0	1	1.600000e+01	1.456342e+04	2.765662e-26
38276	32	105	1	104	50	12	0	1	1.600000e+01	8.617340e+04	2.171699e-27
38277	32	105	1	104	50	12	0	1	1.800000e+01	8.617340e-02	3.163000e-27
38278	32	105	1	104	50	12	0	1	1.800000e+01	1.456342e+01	3.979240e-27
38279	32	105	1	104	50	12	0	1	1.800000e+01	2.905785e+01	4.903433e-27
38280	32	105	1	104	50	12	0	1	1.800000e+01	5.797799e+01	5.885728e-27
38281	32	105	1	104	50	12	0	1	1.800000e+01	1.156813e+02	6.998409e-27
38282	32	105	1	104	50	12	0	1	1.800000e+01	2.308145e+02	3.359699e-27
38283	32	105	1	104	50	12	0	1	1.800000e+01	4.605356e+02	1.612871e-27
38284	32	105	1	104	50	12	0	1	1.800000e+01	6.505240e+02	1.117634e-27
38285	32	105	1	104	50	12	0	1	1.800000e+01	9.188898e+02	7.742848e-28
38286	32	105	1	104	50	12	0	1	1.800000e+01	1.297965e+03	5.365385e-28
38287	32	105	1	104	50	12	0	1	1.800000e+01	1.833425e+03	3.717912e-28
38288	32	105	1	104	50	12	0	1	1.800000e+01	2.589782e+03	2.575729e-28
38289	32	105	1	104	50	12	0	1	1.800000e+01	3.658165e+03	1.784844e-28
38290	32	105	1	104	50	12	0	1	1.800000e+01	5.167297e+03	1.236515e-28
38291	32	105	1	104	50	12	0	1	1.800000e+01	7.298995e+03	8.568395e-29
38292	32	105	1	104	50	12	0	1	1.800000e+01	1.031012e+04	5.936090e-29
38293	32	105	1	104	50	12	0	1	1.800000e+01	1.456342e+04	4.113397e-29
38294	32	105	1	104	50	12	0	1	1.800000e+01	8.617340e+04	6.223012e-30
38295	32	105	1	104	51	12	0	3	2.000000e+00	8.617340e-02	7.794538e-10
38296	32	105	1	104	51	12	0	3	2.000000e+00	1.456342e+01	7.585778e-12
38297	32	105	1	104	51	12	0	3	2.000000e+00	2.905785e+01	3.327365e-12
38298	32	105	1	104	51	12	0	3	2.000000e+00	5.797799e+01	1.239938e-12
38299	32	105	1	104	51	12	0	3	2.000000e+00	1.156813e+02	3.119605e-13
38300	32	105	1	104	51	12	0	3	2.000000e+00	2.308145e+02	2.285600e-13
38301	32	105	1	104	51	12	0	3	2.000000e+00	4.605356e+02	1.674943e-13
38302	32	105	1	104	51	12	0	3	2.000000e+00	6.505240e+02	1.433507e-13
38303	32	105	1	104	51	12	0	3	2.000000e+00	9.188898e+02	1.227156e-13
38304	32	105	1	104	51	12	0	3	2.000000e+00	1.297965e+03	1.050511e-13
38305	32	105	1	104	51	12	0	3	2.000000e+00	1.833425e+03	8.992912e-14
38306	32	105	1	104	51	12	0	3	2.000000e+00	2.589782e+03	7.696621e-14
38307	32	105	1	104	51	12	0	3	2.000000e+00	3.658165e+03	6.588704e-14
38308	32	105	1	104	51	12	0	3	2.000000e+00	5.167297e+03	5.640270e-14
38309	32	105	1	104	51	12	0	3	2.000000e+00	7.298995e+03	4.827248e-14
38310	32	105	1	104	51	12	0	3	2.000000e+00	1.031012e+04	4.132382e-14
38311	32	105	1	104	51	12	0	3	2.000000e+00	1.456342e+04	4.089781e-14
38312	32	105	1	104	51	12	0	3	2.000000e+00	8.617340e+04	1.918669e-14
38313	32	105	1	104	51	12	0	3	1.000000e+01	8.617340e-02	7.794538e-10
38314	32	105	1	104	51	12	0	3	1.000000e+01	1.456342e+01	7.585778e-12
38315	32	105	1	104	51	12	0	3	1.000000e+01	2.905785e+01	3.327365e-12
38316	32	105	1	104	51	12	0	3	1.000000e+01	5.797799e+01	1.239938e-12
38317	32	105	1	104	51	12	0	3	1.000000e+01	1.156813e+02	3.119605e-13
38318	32	105	1	104	51	12	0	3	1.000000e+01	2.308145e+02	2.285600e-13
38319	32	105	1	104	51	12	0	3	1.000000e+01	4.605356e+02	1.674943e-13
38320	32	105	1	104	51	12	0	3	1.000000e+01	6.505240e+02	1.433507e-13
38321	32	105	1	104	51	12	0	3	1.000000e+01	9.188898e+02	1.227156e-13
38322	32	105	1	104	51	12	0	3	1.000000e+01	1.297965e+03	1.050511e-13
38323	32	105	1	104	51	12	0	3	1.000000e+01	1.833425e+03	8.992912e-14
38324	32	105	1	104	51	12	0	3	1.000000e+01	2.589782e+03	7.696621e-14
38325	32	105	1	104	51	12	0	3	1.000000e+01	3.658165e+03	6.588704e-14
38326	32	105	1	104	51	12	0	3	1.000000e+01	5.167297e+03	5.640270e-14
38327	32	105	1	104	51	12	0	3	1.000000e+01	7.298995e+03	4.827248e-14
38328	32	105	1	104	51	12	0	3	1.000000e+01	1.031012e+04	4.132382e-14
38329	32	105	1	104	51	12	0	3	1.000000e+01	1.456342e+04	4.089781e-14
38330	32	105	1	104	51	12	0	3	1.000000e+01	8.617340e+04	1.918669e-14
38331	32	105	1	104	51	12	0	3	1.200000e+01	8.617340e-02	1.317044e-19
38332	32	105	1	104	51	12	0	3	1.200000e+01	1.456342e+01	1.321906e-19
38333	32	105	1	104	51	12	0	3	1.200000e+01	2.905785e+01	1.281446e-19
38334	32	105	1	104	51	12	0	3	1.200000e+01	5.797799e+01	1.253718e-19
38335	32	105	1	104	51	12	0	3	1.200000e+01	1.156813e+02	1.238227e-19
38336	32	105	1	104	51	12	0	3	1.200000e+01	2.308145e+02	1.230550e-19
38337	32	105	1	104	51	12	0	3	1.200000e+01	4.605356e+02	1.228568e-19
38338	32	105	1	104	51	12	0	3	1.200000e+01	6.505240e+02	1.230837e-19
38339	32	105	1	104	51	12	0	3	1.200000e+01	9.188898e+02	1.230550e-19
38340	32	105	1	104	51	12	0	3	1.200000e+01	1.297965e+03	1.223491e-19
38341	32	105	1	104	51	12	0	3	1.200000e+01	1.833425e+03	1.218991e-19
38342	32	105	1	104	51	12	0	3	1.200000e+01	2.589782e+03	7.107221e-20
38343	32	105	1	104	51	12	0	3	1.200000e+01	3.658165e+03	4.142858e-20
38344	32	105	1	104	51	12	0	3	1.200000e+01	5.167297e+03	2.415458e-20
38345	32	105	1	104	51	12	0	3	1.200000e+01	7.298995e+03	1.408318e-20
38346	32	105	1	104	51	12	0	3	1.200000e+01	1.031012e+04	8.209202e-21
38347	32	105	1	104	51	12	0	3	1.200000e+01	1.456342e+04	4.786304e-21
38348	32	105	1	104	51	12	0	3	1.200000e+01	8.617340e+04	2.977150e-22
38349	32	105	1	104	51	12	0	3	1.400000e+01	8.617340e-02	2.349634e-22
38350	32	105	1	104	51	12	0	3	1.400000e+01	1.456342e+01	1.816771e-22
38351	32	105	1	104	51	12	0	3	1.400000e+01	2.905785e+01	1.387713e-22
38352	32	105	1	104	51	12	0	3	1.400000e+01	5.797799e+01	1.051960e-22
38353	32	105	1	104	51	12	0	3	1.400000e+01	1.156813e+02	7.961576e-23
38354	32	105	1	104	51	12	0	3	1.400000e+01	2.308145e+02	6.940650e-23
38355	32	105	1	104	51	12	0	3	1.400000e+01	4.605356e+02	6.065964e-23
38356	32	105	1	104	51	12	0	3	1.400000e+01	6.505240e+02	5.313748e-23
38357	32	105	1	104	51	12	0	3	1.400000e+01	9.188898e+02	4.676284e-23
38358	32	105	1	104	51	12	0	3	1.400000e+01	1.297965e+03	4.349097e-23
38359	32	105	1	104	51	12	0	3	1.400000e+01	1.833425e+03	4.044821e-23
38360	32	105	1	104	51	12	0	3	1.400000e+01	2.589782e+03	3.760973e-23
38361	32	105	1	104	51	12	0	3	1.400000e+01	3.658165e+03	3.497843e-23
38362	32	105	1	104	51	12	0	3	1.400000e+01	5.167297e+03	3.253123e-23
38363	32	105	1	104	51	12	0	3	1.400000e+01	7.298995e+03	3.025524e-23
38364	32	105	1	104	51	12	0	3	1.400000e+01	1.031012e+04	2.813849e-23
38365	32	105	1	104	51	12	0	3	1.400000e+01	1.456342e+04	2.616374e-23
38366	32	105	1	104	51	12	0	3	1.400000e+01	8.617340e+04	1.800946e-23
38367	32	105	1	104	51	12	0	3	1.600000e+01	8.617340e-02	2.163712e-23
38368	32	105	1	104	51	12	0	3	1.600000e+01	1.456342e+01	2.331307e-23
38369	32	105	1	104	51	12	0	3	1.600000e+01	2.905785e+01	2.332925e-23
38370	32	105	1	104	51	12	0	3	1.600000e+01	5.797799e+01	2.235628e-23
38371	32	105	1	104	51	12	0	3	1.600000e+01	1.156813e+02	2.091222e-23
38372	32	105	1	104	51	12	0	3	1.600000e+01	2.308145e+02	1.882779e-23
38373	32	105	1	104	51	12	0	3	1.600000e+01	4.605356e+02	1.691609e-23
38374	32	105	1	104	51	12	0	3	1.600000e+01	6.505240e+02	1.015780e-23
38375	32	105	1	104	51	12	0	3	1.600000e+01	9.188898e+02	6.099571e-24
38376	32	105	1	104	51	12	0	3	1.600000e+01	1.297965e+03	3.661843e-24
38377	32	105	1	104	51	12	0	3	1.600000e+01	1.833425e+03	2.198869e-24
38378	32	105	1	104	51	12	0	3	1.600000e+01	2.589782e+03	1.320386e-24
38379	32	105	1	104	51	12	0	3	1.600000e+01	3.658165e+03	7.928672e-25
38380	32	105	1	104	51	12	0	3	1.600000e+01	5.167297e+03	4.759933e-25
38381	32	105	1	104	51	12	0	3	1.600000e+01	7.298995e+03	2.858252e-25
38382	32	105	1	104	51	12	0	3	1.600000e+01	1.031012e+04	1.716327e-25
38383	32	105	1	104	51	12	0	3	1.600000e+01	1.456342e+04	1.030623e-25
38384	32	105	1	104	51	12	0	3	1.600000e+01	8.617340e+04	7.461065e-27
38385	32	105	1	104	51	12	0	3	1.800000e+01	8.617340e-02	1.080191e-26
38386	32	105	1	104	51	12	0	3	1.800000e+01	1.456342e+01	1.413511e-26
38387	32	105	1	104	51	12	0	3	1.800000e+01	2.905785e+01	1.862948e-26
38388	32	105	1	104	51	12	0	3	1.800000e+01	5.797799e+01	2.458104e-26
38389	32	105	1	104	51	12	0	3	1.800000e+01	1.156813e+02	3.245631e-26
38390	32	105	1	104	51	12	0	3	1.800000e+01	2.308145e+02	9.738691e-27
38391	32	105	1	104	51	12	0	3	1.800000e+01	4.605356e+02	2.922134e-27
38392	32	105	1	104	51	12	0	3	1.800000e+01	6.505240e+02	1.600663e-27
38393	32	105	1	104	51	12	0	3	1.800000e+01	9.188898e+02	8.767983e-28
38394	32	105	1	104	51	12	0	3	1.800000e+01	1.297965e+03	4.802855e-28
38395	32	105	1	104	51	12	0	3	1.800000e+01	1.833425e+03	2.630869e-28
38396	32	105	1	104	51	12	0	3	1.800000e+01	2.589782e+03	1.441123e-28
38397	32	105	1	104	51	12	0	3	1.800000e+01	3.658165e+03	7.894065e-29
38398	32	105	1	104	51	12	0	3	1.800000e+01	5.167297e+03	4.324147e-29
38399	32	105	1	104	51	12	0	3	1.800000e+01	7.298995e+03	2.368647e-29
38400	32	105	1	104	51	12	0	3	1.800000e+01	1.031012e+04	1.297478e-29
38401	32	105	1	104	51	12	0	3	1.800000e+01	1.456342e+04	7.105598e-30
38402	32	105	1	104	51	12	0	3	1.800000e+01	8.617340e+04	3.207005e-31
