	Z	Initial_Ion	Initial Level	Final_Ion	Final Level	N	L	2S+1	log Density/cm-3	Temperature (eV)	Rate
10038	14	99	1	98	11	12	0	2	0.000000e+00	8.617340e-04	2.057167e-09
10039	14	99	1	98	11	12	0	2	0.000000e+00	1.084859e-03	1.817023e-09
10040	14	99	1	98	11	12	0	2	0.000000e+00	1.365757e-03	1.603650e-09
10041	14	99	1	98	11	12	0	2	0.000000e+00	1.719385e-03	1.414166e-09
10042	14	99	1	98	11	12	0	2	0.000000e+00	2.164578e-03	1.245976e-09
10043	14	99	1	98	11	12	0	2	0.000000e+00	2.725042e-03	1.096806e-09
10044	14	99	1	98	11	12	0	2	0.000000e+00	3.430625e-03	9.646065e-10
10045	14	99	1	98	11	12	0	2	0.000000e+00	4.318901e-03	8.475000e-10
10046	14	99	1	98	11	12	0	2	0.000000e+00	5.437173e-03	7.438751e-10
10047	14	99	1	98	11	12	0	2	0.000000e+00	6.844996e-03	6.522743e-10
10048	14	99	1	98	11	12	0	2	0.000000e+00	8.617340e-03	5.713732e-10
10049	14	99	1	98	11	12	0	2	0.000000e+00	1.084859e-02	4.999998e-10
10050	14	99	1	98	11	12	0	2	0.000000e+00	1.365757e-02	4.370888e-10
10051	14	99	1	98	11	12	0	2	0.000000e+00	1.719385e-02	3.817244e-10
10052	14	99	1	98	11	12	0	2	0.000000e+00	2.164578e-02	3.331884e-10
10053	14	99	1	98	11	12	0	2	0.000000e+00	2.725042e-02	2.914675e-10
10054	14	99	1	98	11	12	0	2	0.000000e+00	3.430624e-02	2.581663e-10
10055	14	99	1	98	11	12	0	2	0.000000e+00	4.318901e-02	2.364614e-10
10056	14	99	1	98	11	12	0	2	0.000000e+00	5.437173e-02	2.286283e-10
10057	14	99	1	98	11	12	0	2	0.000000e+00	6.844998e-02	2.327767e-10
10058	14	99	1	98	11	12	0	2	0.000000e+00	8.617340e-02	2.424151e-10
10059	14	99	1	98	11	12	0	2	0.000000e+00	1.084859e-01	2.495227e-10
10060	14	99	1	98	11	12	0	2	0.000000e+00	1.365757e-01	2.482732e-10
10061	14	99	1	98	11	12	0	2	0.000000e+00	1.719385e-01	2.368153e-10
10062	14	99	1	98	11	12	0	2	0.000000e+00	2.164578e-01	2.167154e-10
10063	14	99	1	98	11	12	0	2	0.000000e+00	2.725042e-01	1.913947e-10
10064	14	99	1	98	11	12	0	2	0.000000e+00	3.430624e-01	1.647327e-10
10065	14	99	1	98	11	12	0	2	0.000000e+00	4.318901e-01	1.400297e-10
10066	14	99	1	98	11	12	0	2	0.000000e+00	5.437173e-01	1.192614e-10
10067	14	99	1	98	11	12	0	2	0.000000e+00	6.844998e-01	1.027779e-10
10068	14	99	1	98	11	12	0	2	0.000000e+00	8.617340e-01	8.968084e-11
10069	14	99	1	98	11	12	0	2	0.000000e+00	1.084859e+00	7.866828e-11
10070	14	99	1	98	11	12	0	2	0.000000e+00	1.365756e+00	6.877022e-11
10071	14	99	1	98	11	12	0	2	0.000000e+00	1.719386e+00	5.966225e-11
10072	14	99	1	98	11	12	0	2	0.000000e+00	2.164578e+00	5.160596e-11
10073	14	99	1	98	11	12	0	2	0.000000e+00	2.725042e+00	4.495724e-11
10074	14	99	1	98	11	12	0	2	0.000000e+00	3.430624e+00	3.977405e-11
10075	14	99	1	98	11	12	0	2	0.000000e+00	4.318899e+00	3.585913e-11
10076	14	99	1	98	11	12	0	2	0.000000e+00	5.437176e+00	3.312835e-11
10077	14	99	1	98	11	12	0	2	0.000000e+00	6.844998e+00	3.194481e-11
10078	14	99	1	98	11	12	0	2	0.000000e+00	8.617340e+00	3.274157e-11
10079	14	99	1	98	11	12	0	2	0.000000e+00	1.084859e+01	3.530206e-11
10080	14	99	1	98	11	12	0	2	0.000000e+00	1.365756e+01	3.851234e-11
10081	14	99	1	98	11	12	0	2	0.000000e+00	1.719386e+01	4.093546e-11
10082	14	99	1	98	11	12	0	2	0.000000e+00	2.164578e+01	4.161979e-11
10083	14	99	1	98	11	12	0	2	0.000000e+00	2.725042e+01	4.050420e-11
10084	14	99	1	98	11	12	0	2	0.000000e+00	3.430624e+01	3.831773e-11
10085	14	99	1	98	11	12	0	2	0.000000e+00	4.318899e+01	3.590050e-11
10086	14	99	1	98	11	12	0	2	0.000000e+00	5.437176e+01	3.365888e-11
10087	14	99	1	98	11	12	0	2	0.000000e+00	6.844998e+01	3.152100e-11
10088	14	99	1	98	11	12	0	2	0.000000e+00	8.617340e+01	2.916755e-11
10089	14	99	1	98	11	12	0	2	0.000000e+00	1.084859e+02	2.638153e-11
10090	14	99	1	98	11	12	0	2	0.000000e+00	1.365756e+02	2.317393e-11
10091	14	99	1	98	11	12	0	2	0.000000e+00	1.719386e+02	1.973784e-11
10092	14	99	1	98	11	12	0	2	0.000000e+00	2.164578e+02	1.632300e-11
10093	14	99	1	98	11	12	0	2	0.000000e+00	2.725042e+02	1.314620e-11
10094	14	99	1	98	11	12	0	2	0.000000e+00	3.430624e+02	1.034904e-11
10095	14	99	1	98	11	12	0	2	0.000000e+00	4.318899e+02	7.994653e-12
10096	14	99	1	98	11	12	0	2	0.000000e+00	5.437176e+02	6.078552e-12
10097	14	99	1	98	11	12	0	2	0.000000e+00	6.844998e+02	4.563519e-12
10098	14	99	1	98	11	12	0	2	0.000000e+00	8.617340e+02	3.390002e-12
10099	14	99	1	98	11	12	0	2	0.000000e+00	1.084859e+03	2.497469e-12
10100	14	99	1	98	11	12	0	2	0.000000e+00	1.365756e+03	1.828101e-12
10101	14	99	1	98	11	12	0	2	0.000000e+00	1.719386e+03	1.330453e-12
10102	14	99	1	98	11	12	0	2	0.000000e+00	2.164578e+03	9.642719e-13
10103	14	99	1	98	11	12	0	2	0.000000e+00	2.725042e+03	6.966272e-13
10104	14	99	1	98	11	12	0	2	0.000000e+00	3.430624e+03	5.017640e-13
10105	14	99	1	98	11	12	0	2	0.000000e+00	4.318899e+03	3.606619e-13
10106	14	99	1	98	11	12	0	2	0.000000e+00	5.437176e+03	2.587617e-13
10107	14	99	1	98	11	12	0	2	0.000000e+00	6.844998e+03	1.853958e-13
10108	14	99	1	98	11	12	0	2	0.000000e+00	8.617340e+03	1.326477e-13
10109	14	99	1	98	11	12	0	2	0.000000e+00	1.084860e+04	9.479817e-14
10110	14	99	1	98	11	12	0	2	0.000000e+00	1.365756e+04	6.770173e-14
10111	14	99	1	98	11	12	0	2	0.000000e+00	1.719386e+04	4.830588e-14
10112	14	99	1	98	11	12	0	2	0.000000e+00	2.164576e+04	3.444291e-14
10113	14	99	1	98	11	12	0	2	0.000000e+00	2.725042e+04	2.454711e-14
10114	14	99	1	98	11	12	0	2	0.000000e+00	3.430628e+04	1.748238e-14
10115	14	99	1	98	11	12	0	2	0.000000e+00	4.318899e+04	1.244515e-14
10116	14	99	1	98	11	12	0	2	0.000000e+00	5.437176e+04	8.853188e-15
10117	14	99	1	98	11	12	0	2	0.000000e+00	6.844990e+04	6.296510e-15
10118	14	99	1	98	11	12	0	2	0.000000e+00	8.617340e+04	4.476101e-15
