	Z	Initial_Ion	Initial Level	Final_Ion	Final Level	N	L	2S+1	log Density/cm-3	Temperature (eV)	Rate
9633	14	94	1	93	16	12	0	2	0.000000e+00	8.617340e-04	1.324434e-10
9634	14	94	1	93	16	12	0	2	0.000000e+00	1.084859e-03	1.156246e-10
9635	14	94	1	93	16	12	0	2	0.000000e+00	1.365757e-03	1.008625e-10
9636	14	94	1	93	16	12	0	2	0.000000e+00	1.719385e-03	8.792257e-11
9637	14	94	1	93	16	12	0	2	0.000000e+00	2.164578e-03	7.659494e-11
9638	14	94	1	93	16	12	0	2	0.000000e+00	2.725042e-03	6.669596e-11
9639	14	94	1	93	16	12	0	2	0.000000e+00	3.430625e-03	5.806304e-11
9640	14	94	1	93	16	12	0	2	0.000000e+00	4.318901e-03	5.053589e-11
9641	14	94	1	93	16	12	0	2	0.000000e+00	5.437173e-03	4.399468e-11
9642	14	94	1	93	16	12	0	2	0.000000e+00	6.844996e-03	3.830015e-11
9643	14	94	1	93	16	12	0	2	0.000000e+00	8.617340e-03	3.335800e-11
9644	14	94	1	93	16	12	0	2	0.000000e+00	1.084859e-02	2.908039e-11
9645	14	94	1	93	16	12	0	2	0.000000e+00	1.365757e-02	2.537464e-11
9646	14	94	1	93	16	12	0	2	0.000000e+00	1.719385e-02	2.216155e-11
9647	14	94	1	93	16	12	0	2	0.000000e+00	2.164578e-02	1.937314e-11
9648	14	94	1	93	16	12	0	2	0.000000e+00	2.725042e-02	1.695120e-11
9649	14	94	1	93	16	12	0	2	0.000000e+00	3.430624e-02	1.483884e-11
9650	14	94	1	93	16	12	0	2	0.000000e+00	4.318901e-02	1.301067e-11
9651	14	94	1	93	16	12	0	2	0.000000e+00	5.437173e-02	1.143141e-11
9652	14	94	1	93	16	12	0	2	0.000000e+00	6.844998e-02	1.008092e-11
9653	14	94	1	93	16	12	0	2	0.000000e+00	8.617340e-02	8.928941e-12
9654	14	94	1	93	16	12	0	2	0.000000e+00	1.084859e-01	9.464550e-12
9655	14	94	1	93	16	12	0	2	0.000000e+00	1.365757e-01	9.563137e-12
9656	14	94	1	93	16	12	0	2	0.000000e+00	1.719385e-01	8.800350e-12
9657	14	94	1	93	16	12	0	2	0.000000e+00	2.164578e-01	7.367159e-12
9658	14	94	1	93	16	12	0	2	0.000000e+00	2.725042e-01	5.823709e-12
9659	14	94	1	93	16	12	0	2	0.000000e+00	3.430624e-01	4.676274e-12
9660	14	94	1	93	16	12	0	2	0.000000e+00	4.318901e-01	4.142858e-12
9661	14	94	1	93	16	12	0	2	0.000000e+00	5.437173e-01	4.173492e-12
9662	14	94	1	93	16	12	0	2	0.000000e+00	6.844998e-01	4.595154e-12
9663	14	94	1	93	16	12	0	2	0.000000e+00	8.617340e-01	5.427503e-12
9664	14	94	1	93	16	12	0	2	0.000000e+00	1.084859e+00	7.418230e-12
9665	14	94	1	93	16	12	0	2	0.000000e+00	1.365756e+00	1.241938e-11
9666	14	94	1	93	16	12	0	2	0.000000e+00	1.719386e+00	2.262559e-11
9667	14	94	1	93	16	12	0	2	0.000000e+00	2.164578e+00	3.882396e-11
9668	14	94	1	93	16	12	0	2	0.000000e+00	2.725042e+00	5.921066e-11
9669	14	94	1	93	16	12	0	2	0.000000e+00	3.430624e+00	7.985459e-11
9670	14	94	1	93	16	12	0	2	0.000000e+00	4.318899e+00	9.642719e-11
9671	14	94	1	93	16	12	0	2	0.000000e+00	5.437176e+00	1.059132e-10
9672	14	94	1	93	16	12	0	2	0.000000e+00	6.844998e+00	1.073544e-10
9673	14	94	1	93	16	12	0	2	0.000000e+00	8.617340e+00	1.017349e-10
9674	14	94	1	93	16	12	0	2	0.000000e+00	1.084859e+01	9.113803e-11
9675	14	94	1	93	16	12	0	2	0.000000e+00	1.365756e+01	7.791116e-11
9676	14	94	1	93	16	12	0	2	0.000000e+00	1.719386e+01	6.401771e-11
9677	14	94	1	93	16	12	0	2	0.000000e+00	2.164578e+01	5.083931e-11
9678	14	94	1	93	16	12	0	2	0.000000e+00	2.725042e+01	3.912909e-11
9679	14	94	1	93	16	12	0	2	0.000000e+00	3.430624e+01	2.919440e-11
9680	14	94	1	93	16	12	0	2	0.000000e+00	4.318899e+01	2.102808e-11
9681	14	94	1	93	16	12	0	2	0.000000e+00	5.437176e+01	1.443777e-11
9682	14	94	1	93	16	12	0	2	0.000000e+00	6.844998e+01	9.170657e-12
9683	14	94	1	93	16	12	0	2	0.000000e+00	8.617340e+01	4.956784e-12
9684	14	94	1	93	16	12	0	2	0.000000e+00	1.084859e+02	1.547748e-12
9685	14	94	1	93	16	12	0	2	0.000000e+00	1.365756e+02	1.000000e-30
9686	14	94	1	93	16	12	0	2	0.000000e+00	1.719386e+02	1.000000e-30
9687	14	94	1	93	16	12	0	2	0.000000e+00	2.164578e+02	1.000000e-30
9688	14	94	1	93	16	12	0	2	0.000000e+00	2.725042e+02	1.000000e-30
9689	14	94	1	93	16	12	0	2	0.000000e+00	3.430624e+02	1.000000e-30
9690	14	94	1	93	16	12	0	2	0.000000e+00	4.318899e+02	1.000000e-30
9691	14	94	1	93	16	12	0	2	0.000000e+00	5.437176e+02	1.000000e-30
9692	14	94	1	93	16	12	0	2	0.000000e+00	6.844998e+02	1.000000e-30
9693	14	94	1	93	16	12	0	2	0.000000e+00	8.617340e+02	1.000000e-30
9694	14	94	1	93	16	12	0	2	0.000000e+00	1.084859e+03	1.000000e-30
9695	14	94	1	93	16	12	0	2	0.000000e+00	1.365756e+03	1.000000e-30
9696	14	94	1	93	16	12	0	2	0.000000e+00	1.719386e+03	1.000000e-30
9697	14	94	1	93	16	12	0	2	0.000000e+00	2.164578e+03	1.000000e-30
9698	14	94	1	93	16	12	0	2	0.000000e+00	2.725042e+03	1.000000e-30
9699	14	94	1	93	16	12	0	2	0.000000e+00	3.430624e+03	1.000000e-30
9700	14	94	1	93	16	12	0	2	0.000000e+00	4.318899e+03	1.000000e-30
9701	14	94	1	93	16	12	0	2	0.000000e+00	5.437176e+03	1.000000e-30
9702	14	94	1	93	16	12	0	2	0.000000e+00	6.844998e+03	1.000000e-30
9703	14	94	1	93	16	12	0	2	0.000000e+00	8.617340e+03	1.000000e-30
9704	14	94	1	93	16	12	0	2	0.000000e+00	1.084860e+04	1.000000e-30
9705	14	94	1	93	16	12	0	2	0.000000e+00	1.365756e+04	1.000000e-30
9706	14	94	1	93	16	12	0	2	0.000000e+00	1.719386e+04	1.000000e-30
9707	14	94	1	93	16	12	0	2	0.000000e+00	2.164576e+04	1.000000e-30
9708	14	94	1	93	16	12	0	2	0.000000e+00	2.725042e+04	1.000000e-30
9709	14	94	1	93	16	12	0	2	0.000000e+00	3.430628e+04	1.000000e-30
9710	14	94	1	93	16	12	0	2	0.000000e+00	4.318899e+04	1.000000e-30
9711	14	94	1	93	16	12	0	2	0.000000e+00	5.437176e+04	1.000000e-30
9712	14	94	1	93	16	12	0	2	0.000000e+00	6.844990e+04	1.000000e-30
9713	14	94	1	93	16	12	0	2	0.000000e+00	8.617340e+04	1.000000e-30
